-2.919025677725929357e-01 -7.476658369656310477e-01
-9.289826451266011698e-02 -7.976390612828561100e-01
-5.445918049244334869e-01 -8.517176589435682121e-01
-8.802421415099974666e-01 4.961725452930326741e-01
-5.487149433129936416e-01 5.919235912632441199e-01
5.889759916534588469e-02 -9.977571228893420408e-01
-5.596062176578898983e-02 9.985964310301894686e-01
-2.390893154942271281e-01 7.641901268016391136e-01
5.809080776198478624e-01 5.548144238558098129e-01
-6.850680804478687103e-01 -4.378954577372010659e-01
6.645407063643714585e-01 4.798653258042102077e-01
4.339129674828490213e-01 -6.789942187729793854e-01
1.949098031225376670e-01 -8.074518152510919977e-01
6.752190535531518711e-02 8.102311876858017126e-01
3.598342516067952190e-01 -6.940519333227356258e-01
5.848246549586845200e-01 -5.675475750228384797e-01
4.897929561795350550e-01 8.799377224611366621e-01
-7.343058029187493618e-01 3.316006687614135862e-01
3.335121069716748265e-01 7.288700855581790039e-01
7.715512513620048640e-01 -9.465630181069983884e-02
-9.320652987178438265e-01 -4.242849263358735579e-01
1.915706647177091992e-01 9.855477939392719433e-01
2.577976186609879927e-01 9.523422566577152137e-01
7.671902160403304416e-01 2.525951605313451753e-01
5.076271409293436898e-01 -6.111492206739472799e-01
-9.815786647000585008e-01 -2.551991949626203904e-01
8.034806992741536646e-01 -1.332316999188155049e-01
8.033716372636395819e-01 4.656358557145635901e-02
5.350387375723936190e-01 -8.411975270915528213e-01
-5.708831544337616970e-01 8.238093159202387605e-01
-7.616570021898838583e-01 -6.443039621066448674e-01
-6.394310284013564605e-01 -4.728553247896562506e-01
7.272521467901532644e-01 6.827636846595795950e-01
-7.674122808644225913e-01 2.091694328372682155e-01
9.390730137837601799e-01 3.664806015018205465e-01
8.030776576121638755e-01 -4.493910636731435898e-02
2.722941544523261974e-03 -1.005351028980479899e+00
-7.529296428189639068e-01 3.003361475010132287e-01
-7.543928000516804122e-01 -2.013908975097628284e-01
7.088883662349301229e-01 -3.963447125296852835e-01
4.835258063536724271e-01 -8.689179794009582736e-01
-1.409268544570656256e-01 9.811335278139926563e-01
-7.777863267623696952e-01 -2.480082240325058862e-01
5.237055915241877191e-01 6.053961038900527170e-01
7.328065377918704382e-01 3.217321686687921733e-01
6.838690944415237727e-01 -7.381057821810680375e-01
1.096782114947344039e-01 8.008786328141644928e-01
6.697602378100414589e-01 4.440963635924440878e-01
7.919306640580345835e-01 6.072912065612283694e-01
-8.513213591577519779e-01 5.424165423329622149e-01
-4.643742057695278147e-01 -6.540872332389116028e-01
7.783389910330336114e-01 -2.071195188731709269e-01
-7.006061909656122744e-01 7.380001988576601057e-01
5.410903135168290135e-01 5.822917202814364979e-01
-2.464673380936773517e-01 -7.581675784485462088e-01
-7.108136780240886798e-01 -3.749940236348248135e-01
-3.069086826585210037e-01 9.428048846883060330e-01
7.843039849023257792e-01 1.614259124516422561e-01
3.318505357757659535e-01 -7.386987144206395017e-01
9.381269612511683453e-01 3.168217638577643935e-01
-6.389324681069845635e-01 7.670478124551708410e-01
-5.177125740708530266e-01 6.343687037812115737e-01
9.948022963101919025e-01 1.128226133523382579e-01
-4.317736237384003917e-01 -6.741654363133458006e-01
1.397537664991141126e-01 7.875341122294988727e-01
-2.086925230027650568e-01 -7.686849608791265220e-01
3.855511729828323686e-01 7.024879132005092952e-01
2.598215282982708763e-01 -7.403802527492050478e-01
-4.175504570250794245e-01 6.718701049642781253e-01
-1.001273520134686290e+00 -6.590102712814985275e-02
8.090075615200470471e-01 2.074021588987579739e-03
6.801295795140209766e-01 -4.367060660591883803e-01
2.857618905112196961e-01 -7.388970231468326988e-01
8.898786148699967535e-01 -4.714792716913456805e-01
6.548242455619913693e-01 -4.546086168224376944e-01
7.465270733801221414e-01 -2.606252498187148769e-01
-7.931396604203487799e-01 9.232824720767007776e-02
1.977464084216643270e-01 7.712151916817173714e-01
2.466954841088588590e-01 7.472835792095681162e-01
1.527710311152822575e-01 -7.944086099262603895e-01
-7.007951878366136533e-01 3.765614460545868014e-01
-1.347964829539305756e-02 9.941940724668091312e-01
-2.394724210347957960e-01 9.506127533287055398e-01
-3.754503789006263248e-01 6.851063236800386536e-01
6.412428577751198011e-01 -7.620264344381367794e-01
-5.838770476575425583e-01 -7.951141412800700747e-01
-2.878368436628369609e-01 7.585864349595088374e-01
-6.556825577945664119e-01 4.710514524333171971e-01
-4.259340710965098947e-02 -9.918251532471012988e-01
3.123118142852389645e-01 9.626556135807886605e-01
-6.325693735095468950e-01 -7.732638961778216524e-01
8.070668518546873782e-02 1.000845419023588256e+00
-9.372432873812731602e-01 3.093779360119581767e-01
6.320844354979519020e-01 -4.944507935783564734e-01
9.664788687695891056e-01 -2.954382012406840952e-01
-8.117689316077364436e-01 -5.870609478722527141e-01
4.353581659099231560e-01 -9.140991942334992792e-01
1.364894949139655589e-01 -9.979666450188352522e-01
8.460062271395921707e-01 5.342653588812379395e-01
8.007234518757795350e-01 8.295740114398658660e-02
1.007393660672404767e+00 1.473492952696518407e-02
-8.959786392312745207e-01 -4.731081788320066206e-01
-9.952901407516754340e-01 -1.316278441586051784e-01
-1.168907243802452395e-01 8.008807099696645393e-01
-2.684816137614750575e-01 -9.710696000307237341e-01
-4.383196059182936088e-01 -9.227609566370613692e-01
-9.367618383118290204e-01 -3.701338612443394460e-01
9.224073734673411407e-01 4.184428846808493363e-01
-5.492159469110688974e-01 -5.581753135632391283e-01
1.027065660791357804e-01 -7.904223386548612229e-01
-5.285617020417480161e-01 8.462650276413800077e-01
6.931284785627679357e-01 7.378775012815220746e-01
9.707997696025104650e-01 -2.382135990775176848e-01
-3.683337066522516245e-01 9.344734674292956011e-01
2.388330222321895513e-01 -9.544605847676193022e-01
-9.874349214443801648e-01 -1.845121765993540941e-01
-8.538550609346295950e-01 -5.409533959261646485e-01
-7.957371864173248266e-01 -1.070053555216360502e-01
-3.360535466346603051e-01 7.257432225476165844e-01
-7.928700806342884322e-01 -1.591963537697561326e-01
-7.829679562172875418e-01 1.336060624716109424e-01
-5.979525448247950958e-01 5.156729922305586244e-01
4.733625510288448912e-01 -6.425689411855601829e-01
-1.857022773253407810e-01 -9.736509120203206136e-01
7.551171884159332270e-01 -6.513042100147400371e-01
6.177833931887163343e-01 5.082745589411907794e-01
-6.735342925368711375e-01 -7.289596609652905235e-01
4.048343696841896211e-01 9.126723279558367485e-01
8.883039033725544931e-01 4.714851725955819250e-01
-3.643210521296669224e-01 -7.248235421527251532e-01
7.589579823311337625e-01 6.398604558843300483e-01
5.468385124510224404e-01 -5.758703364755826115e-01
-9.808288025905101959e-01 1.818990985832456830e-01
5.701488083938589524e-01 -7.908502174501841342e-01
-7.420543935449295248e-01 -6.803322899240318300e-01
-1.844437327627728718e-01 9.909323465916732854e-01
-2.029586039570162870e-01 7.741448368243493139e-01
-8.094279201252069234e-01 -7.811511282496962603e-03
-6.768130366923221786e-01 4.350993854194951660e-01
7.462413552002241657e-01 3.027653466281228223e-01
-1.004172066412293951e+00 1.149850157509962473e-01
-9.229581482166187012e-01 3.608677627292725676e-01
7.718046619939542552e-01 1.852817267679641722e-01
9.595926164524464230e-01 2.434262197250162130e-01
1.807421868063698381e-02 -7.957938928591782313e-01
-6.343104469854352057e-02 7.868378066426933160e-01
-3.649139797197616386e-01 -9.189418457631345349e-01
-8.002542650476308639e-01 5.867720293841007795e-01
-3.159717241231000950e-01 -9.498731758128161617e-01
-7.710662232512968117e-01 6.398139610773577735e-01
-4.164366949799970796e-01 8.963468530622072938e-01
5.367288595973460641e-01 8.586733201576937091e-01
-5.131487544768792430e-01 -6.176784013741090096e-01
1.364616726550333115e-01 9.922402870448342460e-01
9.723183399376733593e-01 1.899638385789347850e-01
-8.967947054877063451e-01 4.428349978605921611e-01
9.101864740403119436e-01 -4.262478027187246998e-01
7.418771550605609555e-01 -2.987065385965071429e-01
1.003161507377751116e+00 7.063767263220833981e-02
-9.615289446855940225e-01 7.754666252328326626e-02
6.432085851625845008e-01 7.641458067233123375e-01
9.841639036913721883e-01 -1.765995488347914810e-01
1.765772299075547558e-01 -9.594247783857595691e-01
-6.402743748262179624e-01 -5.042822195708914768e-01
-7.569155608288690162e-01 2.455811227932465091e-01
7.266991327039413751e-01 -3.429261854539983889e-01
-1.215663420113848037e-02 8.023345200606301075e-01
-1.003530771044798930e+00 1.765631358543624102e-02
-4.883217631203138898e-01 -8.858743801722542832e-01
-3.835495220515331982e-01 -6.818403651698196066e-01
3.759157450372928588e-01 -9.321265214955781753e-01
-1.089263581714958740e-01 -9.970757391106738199e-01
7.154155402018492760e-01 -6.702482632897805992e-01
-7.255250376176846094e-01 -3.507384853903265931e-01
7.930608349902539267e-01 -5.689915031260844858e-01
-1.521211278947105783e-01 7.981570776093283026e-01
-1.479279696260188404e-01 -7.912386610211060711e-01
2.782795108531833650e-01 7.481653498672721225e-01
-8.015174271762731673e-01 6.012077357744652351e-02
5.863881161336240710e-01 8.106678159777805925e-01
-7.999867169363613639e-01 -5.008729289854167016e-02
-7.462717676440476788e-01 -2.950235722523191773e-01
4.436707374943490295e-02 -8.028443971462460027e-01
9.227888330760360969e-01 -3.591703187262836328e-01
-4.831055489591342678e-01 6.556719357725400155e-01
3.632502665348586457e-01 9.399395005329617137e-01
4.117494725092322172e-01 6.782151344243230184e-01
-7.356069830063148851e-01 6.898608851164544919e-01
3.129673781704004898e-01 -9.559967427512873206e-01
-5.858968268444249006e-01 -5.785669075965444996e-01
-4.845408885182875269e-01 8.980094687409420073e-01
-3.875544200951944185e-02 -7.950530936492663514e-01
8.315681991559316089e-01 -5.401590838389090932e-01
1.000379362810547068e+00 -5.371454036837339241e-02
6.982269586175248177e-01 3.863191715818145022e-01
-5.706347177346342558e-01 5.468311694325361794e-01
-9.408021687471470607e-01 -3.097587309718508597e-01
4.770582956124415075e-01 6.440311919876088309e-01
-9.722942047973225366e-01 2.432936375587374522e-01
9.828095337436892898e-01 -1.309758230995274053e-01
