-2.377570616544824322e-01 2.435445608117595973e-01
2.634421190919599143e-01 -1.510307876664794546e-01
-4.470581641500573356e-01 -2.738300059364952022e-01
1.906666180823281542e-01 -1.424961039805391627e-01
-3.977664945379668082e-01 2.327674207889073588e-01
5.833348019751283947e-02 1.385518112529430523e-01
-1.832747629407199264e-01 1.392585288263236964e-01
-2.717249966051199506e-01 -2.892838215743194219e-01
2.276139794983412512e-01 7.388953401468806303e-02
-1.875626613062852943e-01 4.482744953316730729e-01
2.380427930621623056e-01 -1.524445505219049479e-01
-2.239429264876179743e-02 -2.779970301662329502e-02
1.286475662449071411e-01 -2.660563341961500461e-01
1.374421377788173637e-01 1.425900573524604142e-01
-1.839827266122443794e-01 -1.974426683670032212e-01
-3.469884201725639272e-01 2.332938528986054083e-01
-7.292003179616976527e-02 1.896636384262230801e-01
3.469215372572391765e-01 2.566192862930404828e-01
-2.215073850305561143e-01 -2.756869541751490460e-01
2.448930733796926273e-01 2.849968887824576025e-01
7.153647073991972749e-02 -3.010208250090433690e-01
-3.886984947562256432e-01 -1.482220645552743410e-01
2.211156016047785278e-01 3.303129716731051380e-01
-9.638846194718757310e-02 9.899030650408210952e-02
3.055895753778564150e-01 1.187878291030865785e-01
1.797582749459655238e-01 2.014453945011136782e-01
-8.530117899819450455e-02 -1.699175133221775547e-01
3.904894981380735430e-01 -3.203806586911215337e-01
-2.269832555098527660e-01 1.426627122906590391e-02
1.209932500467492678e-01 2.061200045110942736e-01
-2.258684110195432748e-01 -2.925069593313964211e-01
-3.549295096284650897e-01 3.081782116216383316e-01
-2.941978407385448802e-01 -2.746126853737022588e-01
2.587857037840698426e-01 -9.220665661877204544e-02
1.041060666768050397e-01 6.228573155821978680e-02
1.221890700849682064e-02 -2.056055652032137138e-01
2.494128593860460708e-01 2.340632215660031212e-01
1.495468638858764299e-01 2.625376213752469989e-01
-2.609370161892086704e-01 3.486688581170713230e-01
-2.842923281430783100e-01 1.590867325144476874e-01
1.165473605004428148e-01 -1.194784313078056381e-01
-2.518684261248629874e-01 1.301153899325512564e-01
-2.178978098493532800e-01 1.734631669012599853e-01
1.903068131631305837e-01 3.842031874699471938e-01
1.713410231810474915e-01 -1.015801345734037991e-01
2.258064794927654717e-01 2.533062714501969626e-01
-8.576705946596335783e-02 -1.872496659779437633e-01
3.009748801829491005e-01 2.019427760758269463e-01
-2.728305571483932712e-01 3.430584475221993834e-01
-1.403742123451252044e-01 1.697880581921260013e-01
-3.239270510385377499e-01 -2.850958058461713907e-01
1.175517034505145775e-01 3.067134951382834984e-01
2.153864318909691766e-01 3.075275551592501211e-01
-9.542417205680106540e-02 3.004381316499545873e-01
-1.094159625268882330e-01 -2.219612418624981598e-01
2.150260123320148486e-01 -1.309146251748633527e-01
-2.525407979112598844e-01 1.421579665753087973e-01
1.798339583597160785e-01 -5.395886809572225662e-02
2.191328710826401238e-01 -1.709143512388468233e-01
-2.282176286415749655e-01 -2.179948157402371578e-01
2.775170977318937027e-01 -3.076679866398634999e-01
-2.153870376148489252e-01 -2.391384539493158490e-01
-2.935557064924734783e-01 -1.895531788595778144e-01
2.663024487254602723e-01 3.064999321392226639e-01
1.840237921863060455e-01 -2.813734966353071965e-01
-1.094247533834784986e-01 -1.693705641531002837e-01
1.311870488735922269e-01 -2.218625538572649158e-01
-2.490791701549902315e-01 -1.433914278349726901e-01
1.710583520096493060e-01 2.613369231346970301e-01
-2.828239255341517544e-01 -1.969828437424213929e-01
-4.412242520682814750e-01 -1.999581805739232276e-01
2.632437365301489307e-01 3.344803213082400695e-01
-1.580911895107081078e-01 -2.999244835654700791e-01
-2.420314045279626236e-01 3.307136221515967756e-01
-2.942957028218908672e-02 1.513131033650334800e-01
-2.759083904755246786e-01 -1.849655143211998143e-01
-2.692204584132431022e-01 -2.350357125375941991e-01
-1.530138340266581076e-01 2.381185571490722352e-01
2.778393885679566466e-01 -3.147855997317532961e-01
2.266723898506821655e-01 -3.521760322830953527e-01
-5.387391882020741568e-02 2.925393288125313074e-01
2.369959992771482060e-01 3.065823207564548625e-01
3.761256085214454425e-01 1.961413039554727455e-01
3.260932351173458366e-01 2.184772054768165106e-01
-2.317180260271843317e-01 1.163929369255970042e-01
-2.552064402077929700e-02 1.407608575570124809e-01
-7.951988097002699388e-03 8.865426502762645267e-02
7.753021675099829035e-02 2.428045461608192290e-01
2.854283805668696994e-01 -1.543438133728123052e-01
4.708248599814591345e-02 3.121799698727134031e-01
2.188367686804396361e-01 4.264120860383344702e-01
2.980264448849090919e-01 -2.531593162886850434e-01
7.898260828338914130e-02 4.242594164332180728e-02
9.463370693615649754e-02 -1.571265909912811232e-01
3.856356139680397477e-01 -3.552328052449512663e-01
-4.880471694485086220e-01 -1.680891271129150433e-01
2.363764462010960465e-01 -2.165521216484153078e-01
-4.558342566516159766e-01 3.380886192740993890e-01
2.765442439875997471e-01 -9.888634550279454261e-02
2.647763821684228636e-01 -2.051766090310827573e-01
-1.187504866370303336e-01 1.422709464014348668e-01
-1.242782308316959100e-01 -5.343102182135930911e-02
2.398566135136806499e-01 1.997158565227889759e-01
2.530078958740196171e-01 3.428836382746639488e-01
1.434090458394018386e-01 -7.190102160617697913e-02
1.198204427833662322e-01 -3.074525526402161479e-01
-1.376575333933123257e-01 -8.610058823100469327e-02
8.316281513800773129e-02 1.755795642148703373e-01
-2.012893252903932284e-01 2.597244788405327909e-01
1.670083778293056653e-01 -2.459447446803907089e-01
-9.544455270793800183e-02 -3.090118022934605913e-01
3.121156921828792119e-01 1.626836537793595883e-01
-3.272926227976806768e-01 -1.119000968267749030e-01
-1.591233287048230416e-01 -2.086358954472431748e-01
2.891732851121415343e-02 -4.485753823320074996e-01
-2.224937233451733665e-01 -2.375031979522892189e-01
-6.151805460496423753e-03 -1.401152514813316929e-01
-2.762631435806239127e-02 -2.888129262283242737e-01
-8.905196788201556746e-02 2.822079980297417245e-01
2.050981749829547118e-01 2.359694794951797958e-01
2.414055833089039926e-01 -2.415823130638903582e-01
1.964167396389047693e-01 -3.223493878061642337e-02
1.300140154759215627e-01 -8.137689882107591866e-02
2.547802006197017466e-01 -3.695185082004093235e-01
-2.911995123094375248e-01 -1.817084310743220799e-01
-3.566290345061249867e-01 3.353493552855851823e-01
1.191249103786037322e-01 -1.442475394943755762e-01
3.065071747645519706e-01 -7.600925568172487920e-03
-2.687677897886562861e-01 -4.104093139887241559e-01
7.758448714478705099e-02 -3.608759515867948631e-01
-2.547358622378826931e-01 2.243311171786346592e-01
-2.478127779201424186e-01 -3.182207854091030352e-01
-2.850974776074325368e-01 -2.077545804288014886e-01
2.039989001125924739e-01 -1.431072198143180652e-01
6.334760892316548819e-02 2.217351891826070120e-01
-1.945845120788345928e-01 -1.855169552536521937e-01
1.753610250720741282e-01 1.182675663643346226e-01
-2.557477981580624227e-01 -3.025049519782816443e-01
4.336072452836565311e-02 2.815490186394120076e-01
-2.201401671441883257e-01 -1.638014083099328944e-01
1.889583532927786164e-02 3.236214760587787231e-01
3.283706173527269900e-01 2.709821038958569184e-01
-3.436548236894972352e-01 -1.969683505053288486e-01
1.276234826394242461e-01 8.396474131676257002e-02
-1.208228503730100489e-01 -3.062795729720271809e-01
1.134893755015908834e-01 -2.894324376819844558e-01
7.582395560816310165e-02 -3.441389851733651084e-01
2.548167158588346970e-01 -5.552318464118825500e-03
-2.001701246375502674e-01 2.101742858702573546e-01
-2.474041943976427183e-01 2.096132091409237397e-01
-1.157693938689446367e-01 2.047596669991208762e-01
-1.630219007359241246e-01 -1.575334710223075529e-01
-1.301522221208540053e-01 -1.834094103087416661e-01
2.127752494485351809e-01 1.893394210889817464e-01
-3.940855365897285439e-02 -1.265069609639031256e-01
2.130830557598062669e-01 9.883417297677407620e-02
-1.387961462335813856e-01 -1.848793912185958677e-01
-2.377812859032967241e-01 1.476184457255636240e-01
-1.262379260082752697e-01 7.865553315710169247e-02
-1.386571222010497262e-01 1.252019018106443615e-01
2.610726023343380442e-01 -1.383481946683016717e-01
-1.667757907087478453e-01 3.524208204426274582e-01
3.623252636926233561e-01 6.051864666690925931e-02
-2.196680990443818371e-01 2.246474187399933597e-01
-2.701820523418678177e-01 -3.119523919326551709e-01
-3.439363740467791808e-01 -1.777419670717418076e-01
1.371077405254380044e-01 -2.442635482283699033e-01
3.479711672230188513e-01 -1.851412581913239874e-01
-5.202908751215015032e-02 3.978175384570758477e-01
-2.777219203639216816e-01 1.182431648445620431e-01
1.995797788427560726e-01 2.740693128824398528e-01
-9.585281655527570777e-02 1.815029388160374069e-01
-2.117638477050274859e-01 1.525741213792371487e-01
-3.341860490670083839e-01 -8.416321973652909905e-02
-1.384694752608050805e-01 9.333525226683318798e-02
-2.296658210505705677e-01 -2.254827012974398859e-01
3.886434365843887129e-01 -5.296516867797321226e-02
-1.705532685422334049e-01 3.647119653931049643e-01
-1.423194779674132916e-02 -1.579516139408015662e-01
2.664286227721470723e-01 -2.772134448038804377e-01
2.946469551110398322e-01 2.800278070293011345e-01
-1.529634126129801874e-01 2.303179845483437349e-01
1.864806824356765313e-01 -1.581697314880607386e-01
3.265972842862225473e-02 -1.211768974030661139e-01
2.776253058965593712e-01 -3.178530730426428752e-01
-7.711171881230768910e-02 3.799500920823496997e-01
-2.665120282137677793e-02 -1.257778083838591299e-01
-2.243429878286044565e-01 -1.590369950459597503e-01
-3.227311845408948887e-01 2.180902745504358087e-01
1.813413595772990494e-01 1.223088945642296782e-01
1.976828024336835798e-01 -2.093823647982891167e-01
2.045264201743005605e-01 -2.478162177938807165e-01
3.935905454395832170e-01 3.647874715029373327e-01
-1.810176951820773317e-01 8.979989714604359741e-02
2.011938071321473787e-01 -4.304006039403149297e-02
-1.472150534131862476e-01 3.127438046566256569e-01
3.796882422830686887e-01 -2.699663146618298537e-01
2.577868729422944649e-01 7.756675992826667088e-02
-1.679045073398737487e-01 -2.015819238982202444e-01
3.297548629873595094e-01 1.727190503008469713e-01
