3.983723760794091184e-01 -4.843543079588008560e-03
-4.721621331847007386e-01 5.443119048272548888e-03
-1.613102299698662701e-01 7.040525215158388583e-02
-3.477632334198194064e-01 -8.580266127371338758e-03
3.525070734102057068e-01 1.773317359548737260e-02
-3.452734183963130365e-01 1.946301971496661731e-01
2.939728978085306421e-01 -5.295040516087701210e-03
5.194788629757007836e-01 -2.623221571121170381e-02
-1.978723265472004944e-01 -1.554217147662815823e-01
2.381689768044611966e-01 3.485518796493608518e-02
-2.266721816098058728e-01 -4.272930386932838331e-02
2.435474724647220812e-01 1.740866749288393911e-01
3.977981783595246901e-01 1.496041996646215178e-01
2.464783671371671703e-01 -4.272304390202430469e-03
2.693115920683228914e-01 1.326874538272896364e-01
2.818019658869518884e-01 8.931351599688922005e-02
-2.190189791281076936e-01 8.897422339043803419e-02
-1.159649030099929728e-01 1.856785291751371081e-01
3.438254203032363177e-01 -5.338692397537397882e-02
1.323265027528960636e-01 1.212784932016202077e-01
-3.599332055170171851e-01 -6.469307237802135457e-02
3.689359374996146745e-01 3.467440759721734933e-02
-2.922708197035852051e-01 -1.431751514274826054e-02
2.541215670807328020e-01 -7.065700204022817843e-02
3.860504741158599096e-01 -6.466316553146828072e-02
1.182794159068375345e-01 -1.275333646541498833e-02
-2.396515231183556915e-01 -7.378148736891254611e-02
-3.849966100796753388e-01 -1.424991946035619739e-01
3.826529120755808866e-01 -1.655426107835378247e-02
-2.815654449874664955e-01 1.120236529396589908e-02
-2.658219639965379577e-01 -3.611195072375811277e-02
-2.787679017969951212e-01 2.918927257343723047e-02
-1.748245717235017982e-01 1.477325944378167777e-01
-3.460611671387938126e-01 -7.496135823045824154e-02
-2.519671549176913383e-01 1.352045410866997699e-02
2.901710489126728687e-01 6.947893549707562233e-02
4.000289636440860774e-01 1.648530140581546122e-01
2.581979715799183617e-01 7.403745164338548790e-02
-2.658869898592475245e-01 1.644238856398694271e-03
-3.613777602533929101e-01 8.563836835935262348e-02
-2.294099193944971748e-01 -5.692368837634342871e-02
-2.863707468289319324e-01 6.136194075761214339e-03
-4.328360554630901191e-01 -3.977020937229180930e-04
-2.532511858460531617e-01 -1.868395222420590196e-01
-2.767019636489233547e-01 1.435879578799290346e-01
-4.881243625337647329e-01 -1.695921676747906282e-01
4.742596209477789593e-01 2.338171795339562264e-01
-2.200423919991431609e-01 -8.250857842525954888e-02
-3.128444671985488035e-01 -9.002362885076597987e-02
2.924415748118212588e-01 7.310526967039887580e-02
3.657796972451828887e-01 -1.255346695099703314e-01
3.175184576225588695e-01 -9.002697807603038394e-02
-3.215423518716012397e-01 -4.919296446730614392e-03
-3.717757582233667257e-01 7.580106719201085141e-02
4.194613267995490613e-01 9.836691384268700378e-02
-3.205937683746982736e-01 -5.965045795814777341e-02
9.489547856754283750e-02 -3.214648517754942203e-02
2.039798034621234102e-01 -1.039683190979779903e-01
4.017079042404191891e-01 3.962592270512343973e-02
3.406021273834124452e-01 1.116680401968737080e-01
4.738432187650152838e-01 -5.183694411694850235e-02
2.978315320214779960e-01 1.250094697875487326e-01
-3.270467245260174072e-01 -7.919947266774363115e-03
-1.845217405033037772e-01 -6.889228587878415411e-02
3.188378724635264061e-01 -7.128722710333434964e-02
-3.062380109356164226e-01 5.805940432190931366e-02
2.999829499957940571e-01 -3.154691279395793746e-02
1.893333055034913948e-01 1.217396866643842834e-01
-4.692796639355895638e-01 -2.180244672372760872e-02
-3.648211821548255074e-01 3.367787937038263513e-02
-2.898316835898364086e-01 1.274272583746952903e-01
-2.182839220691436544e-01 4.227491263360849683e-02
-2.896212377092567403e-01 -2.757086876499791339e-01
-3.704806500683209269e-01 6.025777176960067649e-03
3.788856226489377144e-01 -2.013006175062531655e-02
2.250540841428082250e-01 -1.272553034967731644e-01
-2.610682402699596727e-01 -3.779012192293229599e-02
2.743336046215319457e-01 -6.118082212488673566e-02
3.410545774906743044e-01 -1.894140789427183891e-01
-1.967128889289008198e-01 5.595693245760380297e-02
-1.955422932215206133e-01 -2.234113807150365227e-01
3.656648525433801034e-01 -1.310819957362120980e-01
-2.545131487807757442e-01 -8.181536579984205471e-02
2.628450794497739218e-01 1.496494479205678629e-01
-3.409517226666493039e-01 -1.119357038110078140e-01
4.777426679584642066e-01 4.664032542853463470e-02
2.406567205577289648e-01 -1.711662474649877641e-02
-3.403551335689382062e-01 1.143535099222615647e-01
3.235468797975015187e-01 2.939387040639795945e-02
3.135975945962832245e-01 8.927642551905340396e-02
-2.649891640910099211e-01 4.384777607995860027e-02
3.329749758955324324e-01 -4.332108319475802549e-02
-4.722511895376446112e-01 1.062576379770131529e-01
3.795040343689998208e-01 1.025564839355012081e-01
-2.520310243081109736e-01 -7.308559561377159230e-02
-3.305825465032724009e-01 -1.421572235684636087e-01
-3.430196631363439108e-01 -2.600500484862411366e-02
2.336746384111257346e-01 3.493788412845494351e-02
1.131817444383608068e-01 7.125200773832451873e-02
-3.022254386736433207e-01 1.327363426838024107e-02
4.016791599115230316e-01 -8.704896093055453088e-02
3.745467862281915972e-01 -1.956631624542126691e-02
-4.412760277426143740e-01 -1.547175307415993295e-02
-4.614280975574829857e-01 -3.014559361395130477e-02
3.283856916666335057e-01 -2.980886851927377901e-02
-2.657820790789464094e-01 -5.764239115954100656e-02
-2.877536416101401096e-01 1.103938615696808956e-02
-3.319055601330819782e-01 -1.324870739925092522e-01
2.247144148061852587e-01 1.075786927477989652e-02
-2.552937765314362561e-01 -1.860298971733752027e-01
-4.285219864681769075e-01 -3.717935533673832893e-02
-2.869055418923247003e-01 1.814808450826568831e-01
-2.041265798427059353e-01 3.558965294005778102e-02
-2.100392721097879278e-01 -4.587371434757792077e-03
4.123860538069077930e-01 -7.049103443569371130e-02
-2.738171575096086663e-01 -1.339699189651755162e-02
-4.610703322732259690e-01 1.525006457299891149e-01
-2.691707962846012214e-01 3.212015923908129178e-03
-2.124748022167737560e-01 -1.000332928217770867e-01
1.763517612633146714e-01 -1.386887904379277003e-01
-3.306301292086898935e-01 -2.269233815023202760e-02
-3.720992529223250966e-01 -5.035952329786042014e-03
-2.014123514629973521e-01 1.904567731348849602e-02
-2.838475676559817362e-01 -1.704926699329523121e-02
2.972825675509860321e-01 1.347383892400154659e-01
-2.130451750873662564e-01 1.810212736313966120e-01
-3.352847820117207389e-01 1.924947570804220187e-01
-1.224323619917979805e-01 -7.464210832995099576e-02
1.997449493905681939e-01 -5.514633865236345800e-02
2.629770448186001253e-01 -4.889441366039704029e-02
4.242449703304788655e-01 1.647572254064283426e-02
-4.542517591613862704e-01 -1.490317098103191573e-01
3.429787964479143469e-01 1.583978098837066084e-01
-1.879079273146122553e-01 -1.588051331824824608e-03
-3.259664418132556252e-01 -4.213686841217484380e-02
2.360240317911657670e-01 2.684684727375519220e-02
-1.790705190884880060e-01 5.437271820374423026e-02
3.484422367655078401e-01 -1.674352160412476143e-01
4.927335465290424432e-01 2.298406639730615764e-02
-2.676988917993992634e-01 1.219087537407885780e-01
-5.112636464660300639e-01 -2.173901945290209747e-01
-3.263021630691232966e-01 -8.906905561430089602e-02
-2.050084515982877331e-01 2.368429196193644337e-02
-4.138564564996038420e-01 -1.861826994285203929e-02
-1.674835756069299464e-01 5.887388340708232803e-03
5.071431600143907481e-01 2.541263721781485407e-01
-1.288861048818027433e-01 8.359908584420466804e-02
4.395957920394711338e-01 -9.595206572883724361e-02
-3.062050702566687654e-01 -2.204533169615278121e-01
2.081835711705554703e-01 5.121902743585229900e-02
-3.340101910875663549e-01 -8.360852864288892405e-02
2.902225394031314742e-01 3.727354861746950965e-02
2.239186663280731959e-01 -1.057763148673777076e-01
-4.332000636150503126e-01 -9.534269423255914422e-02
-1.549942508197470481e-01 -5.499092458628673796e-02
2.751107937829275207e-01 -6.621059468435619433e-02
2.050422281019895210e-01 -1.122657173270330544e-02
3.400275072127036391e-01 7.318179451291045856e-02
-1.614163793980287753e-01 7.251707776749111156e-02
2.857505054378868259e-01 -1.091096049710812421e-01
1.020936415477971954e-01 -2.529495755267868740e-02
-2.747772389204331533e-01 -8.650662194859831677e-02
-3.482320214202322961e-01 -1.474027898289670402e-02
-4.512263880031737173e-01 1.399426780474710696e-02
4.049049657023365834e-01 1.586428190208561961e-01
-2.856193187840334602e-01 -1.433000664149953196e-01
-2.298446935920514800e-01 2.832211049602291753e-01
3.818682644723030983e-01 5.534099727161845284e-02
-2.213706023480803142e-01 -9.805836157278369214e-03
4.030934957667531293e-01 1.298676155117047815e-01
2.788115828303060484e-01 8.815127447639187208e-02
4.461763032808164220e-01 1.047044837255741712e-01
3.210582804132972035e-01 -6.590979024690402088e-02
-2.833321864303492976e-01 -3.275127267769945005e-02
4.110807646890308753e-01 -6.725543483904561359e-02
2.985482574738572148e-01 -3.425597679461145351e-02
1.991591939577242731e-01 1.495946719617701481e-01
2.929761057440447014e-01 -7.539227041536922247e-03
-3.211138061139271471e-01 8.987308415772959913e-02
4.081825727876128296e-01 3.976255009547763342e-02
2.794283822219768010e-01 -3.490403327488827978e-02
4.174256218241353400e-01 1.611926431594414288e-01
-1.339508598919449400e-01 -2.364943839121874669e-02
-2.351567809665778830e-01 -6.968563773797509242e-03
-1.593444360556560135e-01 -8.573524330531850923e-02
2.960318906779265125e-01 1.473358191123677607e-01
2.375181968575640623e-01 -1.019698099310200612e-01
-2.468109771894802518e-01 -2.000260350709681667e-02
2.898885105247345773e-01 -1.837156371807586175e-01
4.021674599489100665e-01 2.230487210284182176e-02
4.624691108910634063e-01 -1.573564397056892994e-01
-1.007621849600125047e-01 -4.411749330863556917e-02
4.353656820486200840e-01 1.051238283960185260e-01
-4.810089675142402432e-02 1.066869090285834099e-01
-2.099822362745900894e-01 4.922478534417196183e-02
2.772028357055448811e-01 2.252391543325149570e-02
4.560760743624017732e-01 -1.434540955928210737e-01
3.297238434666180384e-01 -1.214733734911538354e-01
4.661011500076280012e-02 1.051298417729074619e-01
-2.720812999224206941e-01 -3.374623900697631962e-02
